0.89, 0.027785120514839137
0.8910045662100456, 0.03126795846043623
0.8920091324200914, 0.03476813252917092
0.893013698630137, 0.04015794385046263
0.8940182648401827, 0.04554775517175446
0.8950228310502283, 0.0510168712076493
0.896027397260274, 0.059896089845776365
0.8970319634703197, 0.06877530848390226
0.8980365296803653, 0.07750843859606656
0.8990410958904109, 0.08237022286060566
0.9000456621004567, 0.08723200712514581
0.9010502283105023, 0.09202807654152569
0.9020547945205479, 0.09557556386473422
0.9030593607305937, 0.09912305118794369
0.9040639269406393, 0.10263978391334594
0.9050684931506849, 0.10570398470594405
0.9060730593607306, 0.10876818549854271
0.9070776255707763, 0.11179741945415392
0.908082191780822, 0.11440910824364202
0.9090867579908676, 0.11702079703313091
0.9100913242009132, 0.11960548868061102
0.911095890410959, 0.12192020891079508
0.9121004566210046, 0.12423492914097957
0.9131050228310502, 0.12652479187077886
0.914109589041096, 0.12860174470793723
0.9151141552511416, 0.13067869754509603
0.9161187214611872, 0.13273310889270648
0.9171232876712329, 0.13461932605048046
0.9181278538812786, 0.13650554320825545
0.9191324200913242, 0.13837063437082528
0.9201369863013699, 0.14009658535915032
0.9211415525114155, 0.141822536347476
0.9221461187214612, 0.14352846222099813
0.9231506849315069, 0.14511674054589058
0.9241552511415525, 0.14670501887078316
0.9251598173515982, 0.14827413004587817
0.9261643835616439, 0.1497419291441508
0.9271689497716895, 0.15120972824242362
0.9281735159817351, 0.15265875554274708
0.9291780821917809, 0.15401787581136017
0.9301826484018265, 0.15537699607997332
0.9311872146118721, 0.15671764605781774
0.9321917808219178, 0.15797765744962453
0.9331963470319635, 0.15923766884143148
0.9342009132420092, 0.1604796629337455
0.9352054794520548, 0.1616495878285073
0.9362100456621005, 0.1628195127232692
0.9372146118721462, 0.1639717144852848
0.9382191780821918, 0.16505868003564206
0.9392237442922374, 0.16614564558599904
0.9402283105022832, 0.16721508874634147
0.9412328767123288, 0.1682249557809553
0.9422374429223744, 0.16923482281556892
0.9432420091324201, 0.1702272972481808
0.9442465753424658, 0.1711649685766591
0.9452511415525114, 0.17210263990513727
0.9462557077625571, 0.17302299079703612
0.9472602739726028, 0.17389261755349703
0.9482648401826484, 0.17476224430995738
0.9492694063926941, 0.1756145740345789
0.9502739726027397, 0.17641970338441432
0.9512785388127855, 0.17722483273424994
0.9522831050228311, 0.17801264590173763
0.9532876712328767, 0.1787563307337776
0.9542922374429224, 0.1795000155658174
0.9552968036529681, 0.1802263269276617
0.9563013698630137, 0.18091120924538878
0.9573059360730594, 0.18159609156311546
0.9583105022831051, 0.1822635081277718
0.9593150684931507, 0.18289188359750883
0.9603196347031964, 0.18352025906724595
0.961324200913242, 0.18413104370378627
0.9623287671232877, 0.18470491236660136
0.9633333333333334, 0.18527878102941636
0.964337899543379, 0.18583490245917764
0.9653424657534246, 0.18635600907793437
0.9663470319634704, 0.18687711569669102
0.967351598173516, 0.18738028827404435
0.9683561643835616, 0.18785015477465028
0.9693607305936074, 0.18832002127525654
0.970365296803653, 0.18877173696751437
0.9713698630136987, 0.18919168874530018
0.9723744292237443, 0.18961164052308585
0.97337899543379, 0.19001319482524867
0.9743835616438357, 0.190384382209947
0.9753881278538813, 0.19075556959464535
0.9763926940639269, 0.19110808264606427
0.9773972602739727, 0.19143149848063504
0.9784018264840183, 0.19175491431520567
0.9794063926940639, 0.19205934815410197
0.9804109589041097, 0.19233584220172853
0.9814155251141553, 0.19261233624935492
0.9824200913242009, 0.19286950890394614
0.9834246575342466, 0.19309979962051113
0.9844292237442923, 0.19333009033707635
0.985433789954338, 0.1935406872786271
0.9864383561643836, 0.19372537135842113
0.9874429223744292, 0.19391005543821507
0.988447488584475, 0.19407463879329018
0.9894520547945206, 0.19421419879728183
0.9904566210045662, 0.1943537588012734
0.991461187214612, 0.19447277462314957
0.9924657534246576, 0.19456758492361304
0.9934703196347032, 0.19466239522407663
0.994474885844749, 0.19473617904798785
0.9954794520547946, 0.19478651026351948
0.9964840182648402, 0.19483684147905103
0.9974885844748859, 0.19486562232576074
0.9984931506849315, 0.19487164437182683
0.9994977168949772, 0.19487766641789292
1.000502283105023, 0.19486156936026872
1.0015068493150685, 0.19482335319901992
1.0025114155251142, 0.19478513703777103
1.0035159817351598, 0.19472418440221553
1.0045205479452055, 0.19464170253883206
1.0055251141552513, 0.19455922067544815
1.0065296803652968, 0.19445333191139233
1.0075342465753425, 0.19432645765022413
1.0085388127853883, 0.19419958338905552
1.0095433789954338, 0.1940485736030646
1.0105479452054795, 0.19387707904393384
1.0115525114155253, 0.1937055844848033
1.0125570776255708, 0.193509161599116
1.0135616438356165, 0.19329271431998157
1.014566210045662, 0.19307626704084688
1.0155707762557078, 0.19283402749757933
1.0165753424657535, 0.19257218583357463
1.017579908675799, 0.19231034416956988
1.0185844748858448, 0.19202176705900326
1.0195890410958905, 0.19171397384621397
1.020593607305936, 0.19140618063342466
1.0215981735159818, 0.19107062007504375
1.0226027397260276, 0.1907161946788057
1.023607305936073, 0.19036176928256754
1.0246118721461188, 0.18997844482755014
1.0256164383561646, 0.18957657321538826
1.02662100456621, 0.1891747016032267
1.0276255707762558, 0.188742686351977
1.0286301369863013, 0.18829240889600316
1.029634703196347, 0.18784213144002965
1.0306392694063928, 0.18736033747166658
1.0316438356164384, 0.18686053406762884
1.032648401826484, 0.1863607306635908
1.0336529680365296, 0.18582789124664809
1.0346575342465754, 0.1852772632073463
1.035662100456621, 0.18472663516804483
1.0366666666666666, 0.18414128304962457
1.0376712328767124, 0.1835383310554606
1.0386757990867581, 0.182935379061297
1.0396803652968036, 0.18229581989604712
1.0406849315068494, 0.18163881704521978
1.0416894977168951, 0.1809818141943925
1.0426940639269406, 0.18028609384608182
1.0436986301369864, 0.1795730525120279
1.0447031963470321, 0.1788600111779741
1.0457077625570776, 0.17810587516183699
1.0467123287671234, 0.1773345058918946
1.0477168949771691, 0.17656313662195222
1.0487214611872147, 0.17574797928876978
1.0497260273972604, 0.17491563929783113
1.050730593607306, 0.17408329930689245
1.0517351598173517, 0.17320409939355094
1.0527397260273974, 0.17230772721047874
1.053744292237443, 0.17141135502740693
1.0547488584474887, 0.1704645927332932
1.0557534246575342, 0.16950062405976918
1.05675799086758, 0.1685366553862451
1.0577625570776257, 0.16751820384280597
1.0587671232876712, 0.1664824613286443
1.059771689497717, 0.16544671881448286
1.0607762557077627, 0.16435169896968227
1.0617808219178082, 0.16323924461583827
1.062785388127854, 0.16212679026199472
1.0637899543378997, 0.1609493706928803
1.0647945205479452, 0.15975430161438162
1.065799086757991, 0.15855923253588394
1.0668036529680367, 0.15729233584055294
1.0678082191780822, 0.15600748224097977
1.068812785388128, 0.15472262864140757
1.0698173515981737, 0.15335745353723776
1.0708219178082192, 0.15197388076996743
1.071826484018265, 0.1505903080026982
1.0728310502283105, 0.14911669085188808
1.0738356164383562, 0.1476242732253541
1.074840182648402, 0.1461318555988215
1.0758447488584475, 0.14453753609386505
1.0768493150684932, 0.14292393785511037
1.077853881278539, 0.14131033961635653
1.0788584474885845, 0.13957855724898238
1.0798630136986302, 0.13782665843413666
1.0808675799086758, 0.13607475961929189
1.0818721461187215, 0.13418283647397178
1.0828767123287673, 0.1322696530899409
1.0838812785388128, 0.13035646970591053
1.0848858447488585, 0.12827372179788002
1.0858904109589043, 0.1261682487473978
1.0868949771689498, 0.12406277569691607
1.0878995433789955, 0.12174225576803503
1.0889041095890413, 0.1193966288431271
1.0899086757990868, 0.11705100191821954
1.0909132420091325, 0.11443211420750077
1.0919178082191783, 0.11178590041811544
1.0929223744292238, 0.10913968662873023
1.0939269406392695, 0.10606877993805829
1.094931506849315, 0.10296230783188433
1.0959360730593608, 0.09985583572570941
1.0969406392694065, 0.09627613957708435
1.097945205479452, 0.09266428257107431
1.0989497716894978, 0.08905242556506301
1.0999543378995436, 0.0840700307729528
1.100958904109589, 0.07901550241280288
1.1019634703196348, 0.07396097405265134
1.1029680365296803, 0.06519352246114479
1.103972602739726, 0.05628596055811382
1.1049771689497718, 0.047378398655082615
1.1059817351598173, 0.042061224350094135
1.106986301369863, 0.03682754743192687
1.1079908675799088, 0.03159387051375947
1.1089954337899544, 0.02823706290973064
1.11, 0.024897474290648876
